vi	V(n003)	I(Rc)	I(Rb)
0.000000000000000e+00	1.006573e-06	1.009255e-11	-1.006573e-11
1.000000000000000e-02	1.000100e-02	1.009314e-11	-1.004480e-11
2.000000000000000e-02	2.000100e-02	1.010450e-11	-1.002332e-11
3.000000000000000e-02	3.000100e-02	1.012293e-11	-1.000157e-11
4.000000000000000e-02	4.000100e-02	1.015257e-11	-9.979302e-12
5.000000000000000e-02	5.000100e-02	1.020307e-11	-9.956368e-12
6.000000000000000e-02	6.000099e-02	1.028210e-11	-9.932553e-12
7.000000000000001e-02	7.000099e-02	1.040090e-11	-9.907619e-12
8.000000000000000e-02	8.000099e-02	1.057819e-11	-9.881217e-12
9.000000000000000e-02	9.000099e-02	1.084481e-11	-9.852879e-12
9.999999999999999e-02	1.000010e-01	1.124066e-11	-9.822000e-12
1.100000000000000e-01	1.100010e-01	1.182666e-11	-9.787809e-12
1.200000000000000e-01	1.200010e-01	1.269021e-11	-9.749263e-12
1.300000000000000e-01	1.300010e-01	1.396320e-11	-9.704956e-12
1.400000000000000e-01	1.400010e-01	1.583199e-11	-9.653001e-12
1.500000000000000e-01	1.500010e-01	1.858174e-11	-9.590945e-12
1.600000000000000e-01	1.600010e-01	2.261437e-11	-9.515441e-12
1.700000000000000e-01	1.700009e-01	2.853881e-11	-9.421857e-12
1.800000000000000e-01	1.800009e-01	3.723009e-11	-9.304146e-12
1.900000000000000e-01	1.900009e-01	4.998650e-11	-9.153823e-12
2.000000000000000e-01	2.000009e-01	6.869959e-11	-8.959491e-12
2.100000000000000e-01	2.100009e-01	9.615213e-11	-8.705306e-12
2.200000000000001e-01	2.200008e-01	1.364251e-10	-8.369445e-12
2.300000000000001e-01	2.300008e-01	1.954997e-10	-7.921801e-12
2.400000000000001e-01	2.400007e-01	2.821578e-10	-7.320144e-12
2.500000000000001e-01	2.500007e-01	4.092693e-10	-6.505719e-12
2.600000000000001e-01	2.600005e-01	5.957205e-10	-5.395933e-12
2.700000000000001e-01	2.700004e-01	8.692059e-10	-3.874256e-12
2.800000000000001e-01	2.800002e-01	1.270354e-09	-1.776044e-12
2.900000000000001e-01	2.899999e-01	1.858748e-09	1.132377e-12
3.000000000000001e-01	2.999995e-01	2.721783e-09	5.183837e-12
3.100000000000001e-01	3.099989e-01	3.987638e-09	1.085348e-11
3.200000000000001e-01	3.199981e-01	5.844296e-09	1.882162e-11
3.300000000000001e-01	3.299970e-01	8.567440e-09	3.006485e-11
3.400000000000001e-01	3.399954e-01	1.256133e-08	4.598810e-11
3.500000000000001e-01	3.499931e-01	1.841870e-08	6.861666e-11
3.600000000000002e-01	3.599899e-01	2.700850e-08	1.008748e-10
3.700000000000002e-01	3.699853e-01	3.960428e-08	1.469917e-10
3.800000000000002e-01	3.799787e-01	5.807191e-08	2.130907e-10
3.900000000000002e-01	3.899692e-01	8.514374e-08	3.080457e-10
4.000000000000002e-01	3.999555e-01	1.248179e-07	4.447230e-10
4.100000000000002e-01	4.099358e-01	1.829387e-07	6.417786e-10
4.200000000000002e-01	4.199074e-01	2.680351e-07	9.262471e-10
4.300000000000002e-01	4.298663e-01	3.925266e-07	1.337251e-09
4.400000000000002e-01	4.398069e-01	5.744374e-07	1.931261e-09
4.500000000000002e-01	4.497211e-01	8.398018e-07	2.789456e-09
4.600000000000002e-01	4.595972e-01	1.225963e-06	4.027795e-09
4.700000000000003e-01	4.694190e-01	1.785957e-06	5.810361e-09
4.800000000000003e-01	4.791634e-01	2.594028e-06	8.366130e-09
4.900000000000003e-01	4.887992e-01	3.752029e-06	1.200831e-08
5.000000000000002e-01	4.982847e-01	5.395727e-06	1.715338e-08
5.100000000000002e-01	5.075666e-01	7.699055e-06	2.433366e-08
5.200000000000002e-01	5.165806e-01	1.087308e-05	3.419375e-08
5.300000000000002e-01	5.252540e-01	1.515597e-05	4.745963e-08
5.400000000000003e-01	5.335126e-01	2.079185e-05	6.487390e-08
5.500000000000003e-01	5.412896e-01	2.800077e-05	8.710443e-08
5.600000000000003e-01	5.485350e-01	3.694760e-05	1.146501e-07
5.700000000000003e-01	5.552224e-01	4.772044e-05	1.477759e-07
5.800000000000003e-01	5.613502e-01	6.032539e-05	1.864974e-07
5.900000000000003e-01	5.669385e-01	7.469741e-05	2.306148e-07
6.000000000000003e-01	5.720225e-01	9.072074e-05	2.797750e-07
6.100000000000003e-01	5.766461e-01	1.082511e-04	3.335389e-07
6.200000000000003e-01	5.808562e-01	1.271340e-04	3.914379e-07
6.300000000000003e-01	5.846988e-01	1.472180e-04	4.530123e-07
6.400000000000003e-01	5.882166e-01	1.683616e-04	5.178338e-07
6.500000000000004e-01	5.914484e-01	1.904373e-04	5.855165e-07
6.600000000000004e-01	5.944281e-01	2.133323e-04	6.557195e-07
6.700000000000004e-01	5.971855e-01	2.369482e-04	7.281452e-07
6.800000000000004e-01	5.997464e-01	2.611995e-04	8.025359e-07
6.900000000000004e-01	6.021331e-01	2.860125e-04	8.786690e-07
7.000000000000004e-01	6.043648e-01	3.113234e-04	9.563524e-07
7.100000000000004e-01	6.064579e-01	3.370773e-04	1.035420e-06
7.200000000000004e-01	6.084270e-01	3.632265e-04	1.115729e-06
7.300000000000004e-01	6.102845e-01	3.897297e-04	1.197155e-06
7.400000000000004e-01	6.120411e-01	4.165508e-04	1.279589e-06
7.500000000000004e-01	6.137064e-01	4.436584e-04	1.362936e-06
7.600000000000005e-01	6.152886e-01	4.710249e-04	1.447115e-06
7.700000000000005e-01	6.167949e-01	4.986261e-04	1.532051e-06
7.800000000000005e-01	6.182319e-01	5.264407e-04	1.617681e-06
7.900000000000005e-01	6.196052e-01	5.544495e-04	1.703948e-06
8.000000000000005e-01	6.209199e-01	5.826358e-04	1.790801e-06
8.100000000000005e-01	6.221804e-01	6.109845e-04	1.878196e-06
8.200000000000005e-01	6.233909e-01	6.394821e-04	1.966091e-06
8.300000000000005e-01	6.245550e-01	6.681166e-04	2.054450e-06
8.400000000000005e-01	6.256759e-01	6.968771e-04	2.143241e-06
8.500000000000005e-01	6.267565e-01	7.257538e-04	2.232435e-06
8.600000000000005e-01	6.277996e-01	7.547376e-04	2.322004e-06
8.700000000000006e-01	6.288075e-01	7.838207e-04	2.411925e-06
8.800000000000006e-01	6.297824e-01	8.129955e-04	2.502176e-06
8.900000000000006e-01	6.307265e-01	8.422555e-04	2.592735e-06
9.000000000000006e-01	6.316414e-01	8.715944e-04	2.683586e-06
9.100000000000006e-01	6.325289e-01	9.010067e-04	2.774711e-06
9.200000000000006e-01	6.333905e-01	9.304871e-04	2.866095e-06
9.300000000000006e-01	6.342278e-01	9.600309e-04	2.957723e-06
9.400000000000006e-01	6.350418e-01	9.896338e-04	3.049582e-06
9.500000000000006e-01	6.358339e-01	1.019292e-03	3.141661e-06
9.600000000000006e-01	6.366053e-01	1.049001e-03	3.233947e-06
9.700000000000006e-01	6.373568e-01	1.078758e-03	3.326432e-06
9.800000000000006e-01	6.380897e-01	1.108559e-03	3.419104e-06
9.900000000000007e-01	6.388046e-01	1.138402e-03	3.511955e-06
1.000000000000001e+00	6.395024e-01	1.168283e-03	3.604976e-06
1.010000000000001e+00	6.401840e-01	1.198201e-03	3.698160e-06
1.020000000000001e+00	6.408500e-01	1.228152e-03	3.791500e-06
1.030000000000001e+00	6.415012e-01	1.258135e-03	3.884988e-06
1.040000000000001e+00	6.421382e-01	1.288147e-03	3.978619e-06
1.050000000000001e+00	6.427615e-01	1.318187e-03	4.072385e-06
1.060000000000001e+00	6.433718e-01	1.348251e-03	4.166282e-06
1.070000000000001e+00	6.439696e-01	1.378339e-03	4.260304e-06
1.080000000000001e+00	6.445554e-01	1.408450e-03	4.354446e-06
1.090000000000001e+00	6.451296e-01	1.438580e-03	4.448704e-06
1.100000000000001e+00	6.456927e-01	1.468730e-03	4.543073e-06
1.110000000000001e+00	6.462451e-01	1.498897e-03	4.637549e-06
1.120000000000001e+00	6.467872e-01	1.529080e-03	4.732127e-06
1.130000000000001e+00	6.473195e-01	1.559278e-03	4.826805e-06
1.140000000000001e+00	6.478422e-01	1.589490e-03	4.921579e-06
1.150000000000001e+00	6.483556e-01	1.619714e-03	5.016444e-06
1.160000000000001e+00	6.488602e-01	1.649950e-03	5.111398e-06
1.170000000000001e+00	6.493561e-01	1.680196e-03	5.206439e-06
1.180000000000001e+00	6.498438e-01	1.710453e-03	5.301562e-06
1.190000000000001e+00	6.503234e-01	1.740718e-03	5.396766e-06
1.200000000000001e+00	6.507952e-01	1.770990e-03	5.492048e-06
1.210000000000001e+00	6.512595e-01	1.801270e-03	5.587405e-06
1.220000000000001e+00	6.517166e-01	1.831556e-03	5.682834e-06
1.230000000000001e+00	6.521665e-01	1.861848e-03	5.778335e-06
1.240000000000001e+00	6.526097e-01	1.892144e-03	5.873903e-06
1.250000000000001e+00	6.530462e-01	1.922444e-03	5.969538e-06
1.260000000000001e+00	6.534762e-01	1.952748e-03	6.065237e-06
1.270000000000001e+00	6.539001e-01	1.983055e-03	6.160999e-06
1.280000000000001e+00	6.543179e-01	2.013364e-03	6.256822e-06
1.290000000000001e+00	6.547297e-01	2.043674e-03	6.352703e-06
1.300000000000001e+00	6.551358e-01	2.073986e-03	6.448642e-06
1.310000000000001e+00	6.555364e-01	2.104298e-03	6.544636e-06
1.320000000000001e+00	6.559315e-01	2.134611e-03	6.640685e-06
1.330000000000001e+00	6.563214e-01	2.164923e-03	6.736786e-06
1.340000000000001e+00	6.567062e-01	2.195234e-03	6.832938e-06
1.350000000000001e+00	6.570860e-01	2.225544e-03	6.929141e-06
1.360000000000001e+00	6.574608e-01	2.255852e-03	7.025392e-06
1.370000000000001e+00	6.578310e-01	2.286159e-03	7.121690e-06
1.380000000000001e+00	6.581965e-01	2.316463e-03	7.218035e-06
1.390000000000001e+00	6.585575e-01	2.346763e-03	7.314424e-06
1.400000000000001e+00	6.589142e-01	2.377061e-03	7.410858e-06
1.410000000000001e+00	6.592666e-01	2.407355e-03	7.507334e-06
1.420000000000001e+00	6.596147e-01	2.437646e-03	7.603852e-06
1.430000000000001e+00	6.599589e-01	2.467932e-03	7.700412e-06
1.440000000000001e+00	6.602990e-01	2.498213e-03	7.797010e-06
1.450000000000001e+00	6.606352e-01	2.528490e-03	7.893647e-06
1.460000000000001e+00	6.609677e-01	2.558762e-03	7.990323e-06
1.470000000000001e+00	6.612964e-01	2.589029e-03	8.087036e-06
1.480000000000001e+00	6.616215e-01	2.619289e-03	8.183784e-06
1.490000000000001e+00	6.619431e-01	2.649544e-03	8.280569e-06
1.500000000000001e+00	6.622612e-01	2.679793e-03	8.377388e-06
1.510000000000001e+00	6.625759e-01	2.710035e-03	8.474241e-06
1.520000000000001e+00	6.628873e-01	2.740271e-03	8.571127e-06
1.530000000000001e+00	6.631954e-01	2.770500e-03	8.668047e-06
1.540000000000001e+00	6.635004e-01	2.800722e-03	8.764997e-06
1.550000000000001e+00	6.638022e-01	2.830937e-03	8.861978e-06
1.560000000000001e+00	6.641010e-01	2.861144e-03	8.958990e-06
1.570000000000001e+00	6.643968e-01	2.891344e-03	9.056032e-06
1.580000000000001e+00	6.646897e-01	2.921536e-03	9.153103e-06
1.590000000000001e+00	6.649797e-01	2.951720e-03	9.250203e-06
1.600000000000001e+00	6.652669e-01	2.981896e-03	9.347331e-06
1.610000000000001e+00	6.655514e-01	3.012063e-03	9.444486e-06
1.620000000000001e+00	6.658332e-01	3.042222e-03	9.541668e-06
1.630000000000001e+00	6.661123e-01	3.072372e-03	9.638878e-06
1.640000000000001e+00	6.663888e-01	3.102513e-03	9.736112e-06
1.650000000000001e+00	6.666628e-01	3.132646e-03	9.833372e-06
1.660000000000001e+00	6.669343e-01	3.162769e-03	9.930657e-06
1.670000000000001e+00	6.672033e-01	3.192883e-03	1.002797e-05
1.680000000000001e+00	6.674699e-01	3.222988e-03	1.012530e-05
1.690000000000001e+00	6.677342e-01	3.253083e-03	1.022266e-05
1.700000000000001e+00	6.679962e-01	3.283169e-03	1.032004e-05
1.710000000000001e+00	6.682559e-01	3.313245e-03	1.041744e-05
1.720000000000001e+00	6.685133e-01	3.343311e-03	1.051487e-05
1.730000000000001e+00	6.687685e-01	3.373367e-03	1.061231e-05
1.740000000000001e+00	6.690216e-01	3.403413e-03	1.070978e-05
1.750000000000001e+00	6.692726e-01	3.433449e-03	1.080727e-05
1.760000000000001e+00	6.695215e-01	3.463474e-03	1.090479e-05
1.770000000000001e+00	6.697683e-01	3.493489e-03	1.100232e-05
1.780000000000001e+00	6.700132e-01	3.523494e-03	1.109987e-05
1.790000000000001e+00	6.702560e-01	3.553488e-03	1.119744e-05
1.800000000000001e+00	6.704969e-01	3.583471e-03	1.129503e-05
1.810000000000001e+00	6.707359e-01	3.613443e-03	1.139264e-05
1.820000000000001e+00	6.709730e-01	3.643405e-03	1.149027e-05
1.830000000000001e+00	6.712083e-01	3.673355e-03	1.158792e-05
1.840000000000001e+00	6.714417e-01	3.703295e-03	1.168558e-05
1.850000000000001e+00	6.716734e-01	3.733223e-03	1.178327e-05
1.860000000000001e+00	6.719033e-01	3.763140e-03	1.188097e-05
1.870000000000001e+00	6.721314e-01	3.793046e-03	1.197869e-05
1.880000000000001e+00	6.723579e-01	3.822941e-03	1.207642e-05
1.890000000000001e+00	6.725826e-01	3.852824e-03	1.217417e-05
1.900000000000001e+00	6.728057e-01	3.882696e-03	1.227194e-05
1.910000000000001e+00	6.730272e-01	3.912556e-03	1.236973e-05
1.920000000000001e+00	6.732470e-01	3.942404e-03	1.246753e-05
1.930000000000001e+00	6.734653e-01	3.972241e-03	1.256535e-05
1.940000000000002e+00	6.736820e-01	4.002066e-03	1.266318e-05
1.950000000000002e+00	6.738973e-01	4.031880e-03	1.276103e-05
1.960000000000002e+00	6.741109e-01	4.061681e-03	1.285889e-05
1.970000000000002e+00	6.743231e-01	4.091471e-03	1.295677e-05
1.980000000000002e+00	6.745338e-01	4.121248e-03	1.305466e-05
1.990000000000002e+00	6.747431e-01	4.151014e-03	1.315257e-05
2.000000000000001e+00	6.749510e-01	4.180767e-03	1.325049e-05
2.010000000000001e+00	6.751574e-01	4.210508e-03	1.334843e-05
2.020000000000001e+00	6.753625e-01	4.240238e-03	1.344638e-05
2.030000000000001e+00	6.755662e-01	4.269955e-03	1.354434e-05
2.040000000000000e+00	6.757685e-01	4.299659e-03	1.364232e-05
2.050000000000000e+00	6.759695e-01	4.329352e-03	1.374030e-05
2.060000000000000e+00	6.761692e-01	4.359032e-03	1.383831e-05
2.070000000000000e+00	6.763676e-01	4.388699e-03	1.393632e-05
2.080000000000000e+00	6.765648e-01	4.418354e-03	1.403435e-05
2.089999999999999e+00	6.767607e-01	4.447998e-03	1.413239e-05
2.099999999999999e+00	6.769553e-01	4.477628e-03	1.423045e-05
2.109999999999999e+00	6.771487e-01	4.507245e-03	1.432851e-05
2.119999999999999e+00	6.773409e-01	4.536850e-03	1.442659e-05
2.129999999999999e+00	6.775320e-01	4.566443e-03	1.452468e-05
2.139999999999998e+00	6.777218e-01	4.596023e-03	1.462278e-05
2.149999999999998e+00	6.779104e-01	4.625590e-03	1.472090e-05
2.159999999999998e+00	6.780980e-01	4.655144e-03	1.481902e-05
2.169999999999998e+00	6.782843e-01	4.684686e-03	1.491716e-05
2.179999999999997e+00	6.784697e-01	4.714215e-03	1.501530e-05
2.189999999999997e+00	6.786538e-01	4.743731e-03	1.511346e-05
2.199999999999997e+00	6.788369e-01	4.773234e-03	1.521163e-05
2.209999999999997e+00	6.790189e-01	4.802725e-03	1.530981e-05
2.219999999999997e+00	6.791999e-01	4.832202e-03	1.540800e-05
2.229999999999996e+00	6.793798e-01	4.861667e-03	1.550620e-05
2.239999999999996e+00	6.795586e-01	4.891119e-03	1.560441e-05
2.249999999999996e+00	6.797364e-01	4.920557e-03	1.570264e-05
2.259999999999996e+00	6.799133e-01	4.949983e-03	1.580087e-05
2.269999999999996e+00	6.800891e-01	4.979396e-03	1.589911e-05
2.279999999999995e+00	6.802639e-01	5.008795e-03	1.599736e-05
2.289999999999995e+00	6.804378e-01	5.038182e-03	1.609562e-05
2.299999999999995e+00	6.806107e-01	5.067555e-03	1.619389e-05
2.309999999999995e+00	6.807826e-01	5.096916e-03	1.629217e-05
2.319999999999995e+00	6.809536e-01	5.126263e-03	1.639046e-05
2.329999999999994e+00	6.811237e-01	5.155597e-03	1.648876e-05
2.339999999999994e+00	6.812928e-01	5.184919e-03	1.658707e-05
2.349999999999994e+00	6.814610e-01	5.214226e-03	1.668539e-05
2.359999999999994e+00	6.816284e-01	5.243521e-03	1.678372e-05
2.369999999999993e+00	6.817948e-01	5.272802e-03	1.688205e-05
2.379999999999993e+00	6.819604e-01	5.302071e-03	1.698040e-05
2.389999999999993e+00	6.821251e-01	5.331326e-03	1.707875e-05
2.399999999999993e+00	6.822889e-01	5.360567e-03	1.717711e-05
2.409999999999993e+00	6.824519e-01	5.389796e-03	1.727548e-05
2.419999999999992e+00	6.826141e-01	5.419012e-03	1.737386e-05
2.429999999999992e+00	6.827754e-01	5.448213e-03	1.747225e-05
2.439999999999992e+00	6.829359e-01	5.477402e-03	1.757064e-05
2.449999999999992e+00	6.830955e-01	5.506577e-03	1.766904e-05
2.459999999999992e+00	6.832544e-01	5.535739e-03	1.776746e-05
2.469999999999991e+00	6.834125e-01	5.564888e-03	1.786588e-05
2.479999999999991e+00	6.835698e-01	5.594024e-03	1.796430e-05
2.489999999999991e+00	6.837263e-01	5.623146e-03	1.806274e-05
2.499999999999991e+00	6.838820e-01	5.652254e-03	1.816118e-05
2.509999999999990e+00	6.840370e-01	5.681350e-03	1.825963e-05
2.519999999999990e+00	6.841912e-01	5.710432e-03	1.835809e-05
2.529999999999990e+00	6.843447e-01	5.739500e-03	1.845655e-05
2.539999999999990e+00	6.844974e-01	5.768555e-03	1.855503e-05
2.549999999999990e+00	6.846494e-01	5.797597e-03	1.865351e-05
2.559999999999989e+00	6.848007e-01	5.826626e-03	1.875199e-05
2.569999999999989e+00	6.849512e-01	5.855640e-03	1.885049e-05
2.579999999999989e+00	6.851011e-01	5.884642e-03	1.894899e-05
2.589999999999989e+00	6.852502e-01	5.913630e-03	1.904750e-05
2.599999999999989e+00	6.853987e-01	5.942604e-03	1.914601e-05
2.609999999999988e+00	6.855465e-01	5.971565e-03	1.924453e-05
2.619999999999988e+00	6.856935e-01	6.000513e-03	1.934306e-05
2.629999999999988e+00	6.858400e-01	6.029447e-03	1.944160e-05
2.639999999999988e+00	6.859857e-01	6.058368e-03	1.954014e-05
2.649999999999987e+00	6.861307e-01	6.087275e-03	1.963869e-05
2.659999999999987e+00	6.862751e-01	6.116169e-03	1.973725e-05
2.669999999999987e+00	6.864189e-01	6.145049e-03	1.983581e-05
2.679999999999987e+00	6.865621e-01	6.173916e-03	1.993438e-05
2.689999999999987e+00	6.867045e-01	6.202769e-03	2.003295e-05
2.699999999999986e+00	6.868464e-01	6.231609e-03	2.013154e-05
2.709999999999986e+00	6.869876e-01	6.260436e-03	2.023012e-05
2.719999999999986e+00	6.871282e-01	6.289249e-03	2.032872e-05
2.729999999999986e+00	6.872682e-01	6.318048e-03	2.042732e-05
2.739999999999986e+00	6.874076e-01	6.346834e-03	2.052592e-05
2.749999999999985e+00	6.875464e-01	6.375607e-03	2.062454e-05
2.759999999999985e+00	6.876846e-01	6.404365e-03	2.072315e-05
2.769999999999985e+00	6.878222e-01	6.433111e-03	2.082178e-05
2.779999999999985e+00	6.879592e-01	6.461843e-03	2.092041e-05
2.789999999999984e+00	6.880956e-01	6.490561e-03	2.101904e-05
2.799999999999984e+00	6.882315e-01	6.519266e-03	2.111768e-05
2.809999999999984e+00	6.883668e-01	6.547958e-03	2.121633e-05
2.819999999999984e+00	6.885015e-01	6.576635e-03	2.131499e-05
2.829999999999984e+00	6.886357e-01	6.605300e-03	2.141364e-05
2.839999999999983e+00	6.887693e-01	6.633951e-03	2.151231e-05
2.849999999999983e+00	6.889024e-01	6.662588e-03	2.161098e-05
2.859999999999983e+00	6.890349e-01	6.691212e-03	2.170965e-05
2.869999999999983e+00	6.891669e-01	6.719823e-03	2.180833e-05
2.879999999999983e+00	6.892983e-01	6.748420e-03	2.190702e-05
2.889999999999982e+00	6.894293e-01	6.777003e-03	2.200571e-05
2.899999999999982e+00	6.895596e-01	6.805573e-03	2.210440e-05
2.909999999999982e+00	6.896895e-01	6.834129e-03	2.220310e-05
2.919999999999982e+00	6.898189e-01	6.862672e-03	2.230181e-05
2.929999999999982e+00	6.899477e-01	6.891202e-03	2.240052e-05
2.939999999999981e+00	6.900761e-01	6.919717e-03	2.249924e-05
2.949999999999981e+00	6.902038e-01	6.948220e-03	2.259796e-05
2.959999999999981e+00	6.903312e-01	6.976709e-03	2.269669e-05
2.969999999999981e+00	6.904581e-01	7.005184e-03	2.279542e-05
2.979999999999980e+00	6.905844e-01	7.033647e-03	2.289416e-05
2.989999999999980e+00	6.907102e-01	7.062095e-03	2.299290e-05
2.999999999999980e+00	6.908356e-01	7.090530e-03	2.309164e-05
3.009999999999980e+00	6.909605e-01	7.118952e-03	2.319039e-05
3.019999999999980e+00	6.910849e-01	7.147360e-03	2.328915e-05
3.029999999999979e+00	6.912089e-01	7.175754e-03	2.338791e-05
3.039999999999979e+00	6.913323e-01	7.204136e-03	2.348668e-05
3.049999999999979e+00	6.914554e-01	7.232503e-03	2.358545e-05
3.059999999999979e+00	6.915780e-01	7.260858e-03	2.368422e-05
3.069999999999979e+00	6.917000e-01	7.289199e-03	2.378300e-05
3.079999999999978e+00	6.918217e-01	7.317526e-03	2.388178e-05
3.089999999999978e+00	6.919429e-01	7.345840e-03	2.398057e-05
3.099999999999978e+00	6.920637e-01	7.374140e-03	2.407936e-05
3.109999999999978e+00	6.921840e-01	7.402427e-03	2.417816e-05
3.119999999999977e+00	6.923039e-01	7.430702e-03	2.427696e-05
3.129999999999977e+00	6.924233e-01	7.458962e-03	2.437577e-05
3.139999999999977e+00	6.925423e-01	7.487209e-03	2.447458e-05
3.149999999999977e+00	6.926609e-01	7.515442e-03	2.457339e-05
3.159999999999977e+00	6.927791e-01	7.543662e-03	2.467221e-05
3.169999999999976e+00	6.928968e-01	7.571869e-03	2.477103e-05
3.179999999999976e+00	6.930141e-01	7.600062e-03	2.486986e-05
3.189999999999976e+00	6.931310e-01	7.628242e-03	2.496869e-05
3.199999999999976e+00	6.932476e-01	7.656408e-03	2.506752e-05
3.209999999999976e+00	6.933637e-01	7.684561e-03	2.516636e-05
3.219999999999975e+00	6.934793e-01	7.712701e-03	2.526521e-05
3.229999999999975e+00	6.935946e-01	7.740827e-03	2.536405e-05
3.239999999999975e+00	6.937095e-01	7.768940e-03	2.546290e-05
3.249999999999975e+00	6.938240e-01	7.797040e-03	2.556176e-05
3.259999999999974e+00	6.939381e-01	7.825126e-03	2.566062e-05
3.269999999999974e+00	6.940518e-01	7.853199e-03	2.575948e-05
3.279999999999974e+00	6.941651e-01	7.881259e-03	2.585835e-05
3.289999999999974e+00	6.942781e-01	7.909304e-03	2.595722e-05
3.299999999999974e+00	6.943906e-01	7.937337e-03	2.605609e-05
3.309999999999973e+00	6.945028e-01	7.965357e-03	2.615497e-05
3.319999999999973e+00	6.946145e-01	7.993364e-03	2.625385e-05
3.329999999999973e+00	6.947260e-01	8.021357e-03	2.635274e-05
3.339999999999973e+00	6.948370e-01	8.049336e-03	2.645163e-05
3.349999999999973e+00	6.949477e-01	8.077302e-03	2.655052e-05
3.359999999999972e+00	6.950580e-01	8.105256e-03	2.664942e-05
3.369999999999972e+00	6.951680e-01	8.133195e-03	2.674832e-05
3.379999999999972e+00	6.952776e-01	8.161122e-03	2.684722e-05
3.389999999999972e+00	6.953868e-01	8.189036e-03	2.694613e-05
3.399999999999971e+00	6.954957e-01	8.216935e-03	2.704504e-05
3.409999999999971e+00	6.956043e-01	8.244822e-03	2.714396e-05
3.419999999999971e+00	6.957124e-01	8.272695e-03	2.724288e-05
3.429999999999971e+00	6.958203e-01	8.300556e-03	2.734180e-05
3.439999999999971e+00	6.959278e-01	8.328403e-03	2.744072e-05
3.449999999999970e+00	6.960349e-01	8.356237e-03	2.753965e-05
3.459999999999970e+00	6.961417e-01	8.384057e-03	2.763858e-05
3.469999999999970e+00	6.962482e-01	8.411865e-03	2.773752e-05
3.479999999999970e+00	6.963543e-01	8.439659e-03	2.783646e-05
3.489999999999970e+00	6.964601e-01	8.467440e-03	2.793540e-05
3.499999999999969e+00	6.965656e-01	8.495208e-03	2.803434e-05
3.509999999999969e+00	6.966708e-01	8.522963e-03	2.813329e-05
3.519999999999969e+00	6.967756e-01	8.550704e-03	2.823224e-05
3.529999999999969e+00	6.968801e-01	8.578433e-03	2.833120e-05
3.539999999999969e+00	6.969842e-01	8.606148e-03	2.843016e-05
3.549999999999968e+00	6.970881e-01	8.633850e-03	2.852912e-05
3.559999999999968e+00	6.971917e-01	8.661539e-03	2.862808e-05
3.569999999999968e+00	6.972948e-01	8.689214e-03	2.872705e-05
3.579999999999968e+00	6.973978e-01	8.716878e-03	2.882602e-05
3.589999999999967e+00	6.975003e-01	8.744527e-03	2.892500e-05
3.599999999999967e+00	6.976026e-01	8.772164e-03	2.902397e-05
3.609999999999967e+00	6.977046e-01	8.799787e-03	2.912295e-05
3.619999999999967e+00	6.978063e-01	8.827398e-03	2.922194e-05
3.629999999999967e+00	6.979077e-01	8.854995e-03	2.932092e-05
3.639999999999966e+00	6.980087e-01	8.882578e-03	2.941991e-05
3.649999999999966e+00	6.981095e-01	8.910149e-03	2.951891e-05
3.659999999999966e+00	6.982099e-01	8.937708e-03	2.961790e-05
3.669999999999966e+00	6.983101e-01	8.965253e-03	2.971690e-05
3.679999999999966e+00	6.984100e-01	8.992785e-03	2.981590e-05
3.689999999999965e+00	6.985096e-01	9.020303e-03	2.991490e-05
3.699999999999965e+00	6.986089e-01	9.047810e-03	3.001391e-05
3.709999999999965e+00	6.987079e-01	9.075303e-03	3.011292e-05
3.719999999999965e+00	6.988066e-01	9.102782e-03	3.021193e-05
3.729999999999964e+00	6.989051e-01	9.130250e-03	3.031095e-05
3.739999999999964e+00	6.990033e-01	9.157703e-03	3.040997e-05
3.749999999999964e+00	6.991012e-01	9.185145e-03	3.050899e-05
3.759999999999964e+00	6.991987e-01	9.212573e-03	3.060801e-05
3.769999999999964e+00	6.992961e-01	9.239987e-03	3.070704e-05
3.779999999999963e+00	6.993931e-01	9.267390e-03	3.080607e-05
3.789999999999963e+00	6.994899e-01	9.294779e-03	3.090510e-05
3.799999999999963e+00	6.995864e-01	9.322155e-03	3.100414e-05
3.809999999999963e+00	6.996827e-01	9.349518e-03	3.110317e-05
3.819999999999963e+00	6.997786e-01	9.376870e-03	3.120221e-05
3.829999999999962e+00	6.998743e-01	9.404207e-03	3.130126e-05
3.839999999999962e+00	6.999697e-01	9.431532e-03	3.140030e-05
3.849999999999962e+00	7.000649e-01	9.458844e-03	3.149935e-05
3.859999999999962e+00	7.001598e-01	9.486143e-03	3.159840e-05
3.869999999999961e+00	7.002544e-01	9.513428e-03	3.169745e-05
3.879999999999961e+00	7.003489e-01	9.540701e-03	3.179651e-05
3.889999999999961e+00	7.004430e-01	9.567962e-03	3.189557e-05
3.899999999999961e+00	7.005368e-01	9.595210e-03	3.199463e-05
3.909999999999961e+00	7.006304e-01	9.622444e-03	3.209370e-05
3.919999999999960e+00	7.007238e-01	9.649666e-03	3.219276e-05
3.929999999999960e+00	7.008169e-01	9.676876e-03	3.229183e-05
3.939999999999960e+00	7.009098e-01	9.704071e-03	3.239090e-05
3.949999999999960e+00	7.010024e-01	9.731255e-03	3.248998e-05
3.959999999999960e+00	7.010948e-01	9.758426e-03	3.258905e-05
3.969999999999959e+00	7.011869e-01	9.785583e-03	3.268813e-05
3.979999999999959e+00	7.012788e-01	9.812729e-03	3.278721e-05
3.989999999999959e+00	7.013704e-01	9.839862e-03	3.288630e-05
3.999999999999959e+00	7.014618e-01	9.866981e-03	3.298538e-05
4.009999999999959e+00	7.015530e-01	9.894088e-03	3.308447e-05
4.019999999999959e+00	7.016439e-01	9.921182e-03	3.318356e-05
4.029999999999959e+00	7.017346e-01	9.948264e-03	3.328265e-05
4.039999999999958e+00	7.018250e-01	9.975333e-03	3.338175e-05
4.049999999999958e+00	7.019152e-01	1.000239e-02	3.348085e-05
4.059999999999958e+00	7.020052e-01	1.002943e-02	3.357995e-05
4.069999999999958e+00	7.020950e-01	1.005646e-02	3.367905e-05
4.079999999999957e+00	7.021845e-01	1.008348e-02	3.377816e-05
4.089999999999957e+00	7.022738e-01	1.011049e-02	3.387726e-05
4.099999999999957e+00	7.023628e-01	1.013748e-02	3.397637e-05
4.109999999999957e+00	7.024516e-01	1.016446e-02	3.407549e-05
4.119999999999957e+00	7.025403e-01	1.019143e-02	3.417460e-05
4.129999999999956e+00	7.026286e-01	1.021838e-02	3.427371e-05
4.139999999999956e+00	7.027168e-01	1.024533e-02	3.437283e-05
4.149999999999956e+00	7.028047e-01	1.027225e-02	3.447195e-05
4.159999999999956e+00	7.028925e-01	1.029917e-02	3.457108e-05
4.169999999999956e+00	7.029800e-01	1.032608e-02	3.467020e-05
4.179999999999955e+00	7.030672e-01	1.035297e-02	3.476933e-05
4.189999999999955e+00	7.031543e-01	1.037985e-02	3.486846e-05
4.199999999999955e+00	7.032412e-01	1.040671e-02	3.496759e-05
4.209999999999955e+00	7.033278e-01	1.043357e-02	3.506672e-05
4.219999999999954e+00	7.034142e-01	1.046041e-02	3.516586e-05
4.229999999999954e+00	7.035004e-01	1.048724e-02	3.526499e-05
4.239999999999954e+00	7.035865e-01	1.051406e-02	3.536414e-05
4.249999999999954e+00	7.036722e-01	1.054086e-02	3.546328e-05
4.259999999999954e+00	7.037578e-01	1.056765e-02	3.556242e-05
4.269999999999953e+00	7.038432e-01	1.059443e-02	3.566157e-05
4.279999999999953e+00	7.039284e-01	1.062120e-02	3.576072e-05
4.289999999999953e+00	7.040133e-01	1.064795e-02	3.585987e-05
4.299999999999953e+00	7.040980e-01	1.067470e-02	3.595902e-05
4.309999999999953e+00	7.041826e-01	1.070143e-02	3.605817e-05
4.319999999999952e+00	7.042670e-01	1.072814e-02	3.615733e-05
4.329999999999952e+00	7.043511e-01	1.075485e-02	3.625649e-05
4.339999999999952e+00	7.044351e-01	1.078154e-02	3.635565e-05
4.349999999999952e+00	7.045189e-01	1.080822e-02	3.645481e-05
4.359999999999951e+00	7.046024e-01	1.083489e-02	3.655397e-05
4.369999999999951e+00	7.046857e-01	1.086154e-02	3.665314e-05
4.379999999999951e+00	7.047690e-01	1.088819e-02	3.675231e-05
4.389999999999951e+00	7.048519e-01	1.091482e-02	3.685148e-05
4.399999999999951e+00	7.049347e-01	1.094144e-02	3.695065e-05
4.409999999999950e+00	7.050173e-01	1.096804e-02	3.704983e-05
4.419999999999950e+00	7.050996e-01	1.099463e-02	3.714900e-05
4.429999999999950e+00	7.051818e-01	1.102122e-02	3.724818e-05
4.439999999999950e+00	7.052639e-01	1.104778e-02	3.734736e-05
4.449999999999950e+00	7.053457e-01	1.107434e-02	3.744654e-05
4.459999999999949e+00	7.054273e-01	1.110089e-02	3.754573e-05
4.469999999999949e+00	7.055088e-01	1.112742e-02	3.764491e-05
4.479999999999949e+00	7.055901e-01	1.115394e-02	3.774410e-05
4.489999999999949e+00	7.056711e-01	1.118044e-02	3.784329e-05
4.499999999999948e+00	7.057520e-01	1.120694e-02	3.794248e-05
4.509999999999948e+00	7.058327e-01	1.123342e-02	3.804167e-05
4.519999999999948e+00	7.059132e-01	1.125989e-02	3.814087e-05
4.529999999999948e+00	7.059936e-01	1.128635e-02	3.824006e-05
4.539999999999948e+00	7.060738e-01	1.131280e-02	3.833926e-05
4.549999999999947e+00	7.061538e-01	1.133923e-02	3.843846e-05
4.559999999999947e+00	7.062336e-01	1.136565e-02	3.853766e-05
4.569999999999947e+00	7.063133e-01	1.139207e-02	3.863687e-05
4.579999999999947e+00	7.063927e-01	1.141846e-02	3.873607e-05
4.589999999999947e+00	7.064720e-01	1.144485e-02	3.883528e-05
4.599999999999946e+00	7.065511e-01	1.147122e-02	3.893449e-05
4.609999999999946e+00	7.066300e-01	1.149758e-02	3.903370e-05
4.619999999999946e+00	7.067088e-01	1.152393e-02	3.913291e-05
4.629999999999946e+00	7.067873e-01	1.155027e-02	3.923213e-05
4.639999999999946e+00	7.068658e-01	1.157659e-02	3.933134e-05
4.649999999999945e+00	7.069440e-01	1.160291e-02	3.943056e-05
4.659999999999945e+00	7.070221e-01	1.162921e-02	3.952978e-05
4.669999999999945e+00	7.071000e-01	1.165550e-02	3.962900e-05
4.679999999999945e+00	7.071777e-01	1.168177e-02	3.972822e-05
4.689999999999944e+00	7.072553e-01	1.170804e-02	3.982745e-05
4.699999999999944e+00	7.073327e-01	1.173429e-02	3.992667e-05
4.709999999999944e+00	7.074099e-01	1.176053e-02	4.002590e-05
4.719999999999944e+00	7.074870e-01	1.178676e-02	4.012513e-05
4.729999999999944e+00	7.075639e-01	1.181298e-02	4.022436e-05
4.739999999999943e+00	7.076406e-01	1.183918e-02	4.032359e-05
4.749999999999943e+00	7.077172e-01	1.186537e-02	4.042283e-05
4.759999999999943e+00	7.077937e-01	1.189155e-02	4.052206e-05
4.769999999999943e+00	7.078699e-01	1.191772e-02	4.062130e-05
4.779999999999943e+00	7.079460e-01	1.194388e-02	4.072054e-05
4.789999999999942e+00	7.080219e-01	1.197002e-02	4.081978e-05
4.799999999999942e+00	7.080978e-01	1.199616e-02	4.091902e-05
4.809999999999942e+00	7.081733e-01	1.202228e-02	4.101827e-05
4.819999999999942e+00	7.082488e-01	1.204839e-02	4.111751e-05
4.829999999999941e+00	7.083241e-01	1.207448e-02	4.121676e-05
4.839999999999941e+00	7.083993e-01	1.210057e-02	4.131601e-05
4.849999999999941e+00	7.084743e-01	1.212664e-02	4.141526e-05
4.859999999999941e+00	7.085491e-01	1.215270e-02	4.151451e-05
4.869999999999941e+00	7.086238e-01	1.217875e-02	4.161376e-05
4.879999999999940e+00	7.086983e-01	1.220479e-02	4.171302e-05
4.889999999999940e+00	7.087727e-01	1.223081e-02	4.181227e-05
4.899999999999940e+00	7.088469e-01	1.225683e-02	4.191153e-05
4.909999999999940e+00	7.089210e-01	1.228283e-02	4.201079e-05
4.919999999999940e+00	7.089949e-01	1.230882e-02	4.211005e-05
4.929999999999939e+00	7.090687e-01	1.233480e-02	4.220931e-05
4.939999999999939e+00	7.091423e-01	1.236076e-02	4.230858e-05
4.949999999999939e+00	7.092158e-01	1.238672e-02	4.240784e-05
4.959999999999939e+00	7.092892e-01	1.241266e-02	4.250711e-05
4.969999999999938e+00	7.093623e-01	1.243859e-02	4.260638e-05
4.979999999999938e+00	7.094354e-01	1.246451e-02	4.270565e-05
4.989999999999938e+00	7.095083e-01	1.249042e-02	4.280492e-05
4.999999999999938e+00	7.095810e-01	1.251632e-02	4.290419e-05
5.009999999999938e+00	7.096536e-01	1.254220e-02	4.300346e-05
5.019999999999937e+00	7.097261e-01	1.256807e-02	4.310274e-05
5.029999999999937e+00	7.097984e-01	1.259394e-02	4.320202e-05
5.039999999999937e+00	7.098706e-01	1.261978e-02	4.330129e-05
5.049999999999937e+00	7.099426e-01	1.264562e-02	4.340057e-05
5.059999999999937e+00	7.100145e-01	1.267145e-02	4.349985e-05
5.069999999999936e+00	7.100863e-01	1.269726e-02	4.359914e-05
5.079999999999936e+00	7.101579e-01	1.272306e-02	4.369842e-05
5.089999999999936e+00	7.102293e-01	1.274886e-02	4.379771e-05
5.099999999999936e+00	7.103007e-01	1.277463e-02	4.389699e-05
5.109999999999935e+00	7.103719e-01	1.280040e-02	4.399628e-05
5.119999999999935e+00	7.104429e-01	1.282616e-02	4.409557e-05
5.129999999999935e+00	7.105138e-01	1.285190e-02	4.419486e-05
5.139999999999935e+00	7.105846e-01	1.287763e-02	4.429415e-05
5.149999999999935e+00	7.106553e-01	1.290336e-02	4.439345e-05
5.159999999999934e+00	7.107258e-01	1.292907e-02	4.449274e-05
5.169999999999934e+00	7.107962e-01	1.295476e-02	4.459204e-05
5.179999999999934e+00	7.108664e-01	1.298045e-02	4.469134e-05
5.189999999999934e+00	7.109365e-01	1.300612e-02	4.479064e-05
5.199999999999934e+00	7.110065e-01	1.303179e-02	4.488993e-05
5.209999999999933e+00	7.110763e-01	1.305744e-02	4.498924e-05
5.219999999999933e+00	7.111461e-01	1.308308e-02	4.508854e-05
5.229999999999933e+00	7.112156e-01	1.310871e-02	4.518784e-05
5.239999999999933e+00	7.112851e-01	1.313433e-02	4.528715e-05
5.249999999999932e+00	7.113544e-01	1.315993e-02	4.538646e-05
5.259999999999932e+00	7.114236e-01	1.318553e-02	4.548577e-05
5.269999999999932e+00	7.114927e-01	1.321111e-02	4.558507e-05
5.279999999999932e+00	7.115616e-01	1.323668e-02	4.568438e-05
5.289999999999932e+00	7.116304e-01	1.326224e-02	4.578370e-05
5.299999999999931e+00	7.116991e-01	1.328779e-02	4.588301e-05
5.309999999999931e+00	7.117676e-01	1.331333e-02	4.598232e-05
5.319999999999931e+00	7.118360e-01	1.333885e-02	4.608164e-05
5.329999999999931e+00	7.119043e-01	1.336437e-02	4.618096e-05
5.339999999999931e+00	7.119725e-01	1.338987e-02	4.628027e-05
5.349999999999930e+00	7.120405e-01	1.341536e-02	4.637960e-05
5.359999999999930e+00	7.121085e-01	1.344084e-02	4.647892e-05
5.369999999999930e+00	7.121763e-01	1.346631e-02	4.657824e-05
5.379999999999930e+00	7.122440e-01	1.349177e-02	4.667756e-05
5.389999999999930e+00	7.123115e-01	1.351721e-02	4.677688e-05
5.399999999999929e+00	7.123789e-01	1.354265e-02	4.687621e-05
5.409999999999929e+00	7.124463e-01	1.356807e-02	4.697554e-05
5.419999999999929e+00	7.125134e-01	1.359348e-02	4.707487e-05
5.429999999999929e+00	7.125805e-01	1.361888e-02	4.717420e-05
5.439999999999928e+00	7.126474e-01	1.364427e-02	4.727353e-05
5.449999999999928e+00	7.127143e-01	1.366965e-02	4.737286e-05
5.459999999999928e+00	7.127810e-01	1.369502e-02	4.747219e-05
5.469999999999928e+00	7.128476e-01	1.372037e-02	4.757152e-05
5.479999999999928e+00	7.129140e-01	1.374572e-02	4.767086e-05
5.489999999999927e+00	7.129804e-01	1.377105e-02	4.777020e-05
5.499999999999927e+00	7.130466e-01	1.379637e-02	4.786953e-05
5.509999999999927e+00	7.131127e-01	1.382168e-02	4.796887e-05
5.519999999999927e+00	7.131788e-01	1.384698e-02	4.806821e-05
5.529999999999927e+00	7.132446e-01	1.387227e-02	4.816755e-05
5.539999999999926e+00	7.133104e-01	1.389755e-02	4.826689e-05
5.549999999999926e+00	7.133760e-01	1.392282e-02	4.836624e-05
5.559999999999926e+00	7.134416e-01	1.394807e-02	4.846558e-05
5.569999999999926e+00	7.135070e-01	1.397331e-02	4.856493e-05
5.579999999999925e+00	7.135723e-01	1.399855e-02	4.866428e-05
5.589999999999925e+00	7.136375e-01	1.402377e-02	4.876362e-05
5.599999999999925e+00	7.137026e-01	1.404898e-02	4.886297e-05
5.609999999999925e+00	7.137676e-01	1.407418e-02	4.896232e-05
5.619999999999925e+00	7.138324e-01	1.409936e-02	4.906168e-05
5.629999999999924e+00	7.138972e-01	1.412454e-02	4.916103e-05
5.639999999999924e+00	7.139618e-01	1.414971e-02	4.926038e-05
5.649999999999924e+00	7.140263e-01	1.417486e-02	4.935974e-05
5.659999999999924e+00	7.140908e-01	1.420000e-02	4.945909e-05
5.669999999999924e+00	7.141550e-01	1.422514e-02	4.955845e-05
5.679999999999923e+00	7.142192e-01	1.425026e-02	4.965781e-05
5.689999999999923e+00	7.142833e-01	1.427537e-02	4.975717e-05
5.699999999999923e+00	7.143473e-01	1.430047e-02	4.985653e-05
5.709999999999923e+00	7.144112e-01	1.432555e-02	4.995589e-05
5.719999999999922e+00	7.144749e-01	1.435063e-02	5.005525e-05
5.729999999999922e+00	7.145386e-01	1.437570e-02	5.015461e-05
5.739999999999922e+00	7.146021e-01	1.440075e-02	5.025398e-05
5.749999999999922e+00	7.146656e-01	1.442580e-02	5.035334e-05
5.759999999999922e+00	7.147289e-01	1.445083e-02	5.045271e-05
5.769999999999921e+00	7.147921e-01	1.447585e-02	5.055208e-05
5.779999999999921e+00	7.148553e-01	1.450086e-02	5.065145e-05
5.789999999999921e+00	7.149183e-01	1.452586e-02	5.075082e-05
5.799999999999921e+00	7.149812e-01	1.455085e-02	5.085019e-05
5.809999999999921e+00	7.150440e-01	1.457583e-02	5.094956e-05
5.819999999999920e+00	7.151067e-01	1.460080e-02	5.104893e-05
5.829999999999920e+00	7.151693e-01	1.462575e-02	5.114831e-05
5.839999999999920e+00	7.152318e-01	1.465070e-02	5.124768e-05
5.849999999999920e+00	7.152942e-01	1.467563e-02	5.134706e-05
5.859999999999919e+00	7.153565e-01	1.470056e-02	5.144643e-05
5.869999999999919e+00	7.154186e-01	1.472547e-02	5.154581e-05
5.879999999999919e+00	7.154807e-01	1.475037e-02	5.164519e-05
5.889999999999919e+00	7.155427e-01	1.477526e-02	5.174457e-05
5.899999999999919e+00	7.156046e-01	1.480014e-02	5.184396e-05
5.909999999999918e+00	7.156664e-01	1.482501e-02	5.194333e-05
5.919999999999918e+00	7.157281e-01	1.484987e-02	5.204272e-05
5.929999999999918e+00	7.157897e-01	1.487472e-02	5.214210e-05
5.939999999999918e+00	7.158512e-01	1.489956e-02	5.224149e-05
5.949999999999918e+00	7.159125e-01	1.492438e-02	5.234087e-05
5.959999999999917e+00	7.159739e-01	1.494920e-02	5.244026e-05
5.969999999999917e+00	7.160350e-01	1.497400e-02	5.253965e-05
5.979999999999917e+00	7.160961e-01	1.499880e-02	5.263904e-05
5.989999999999917e+00	7.161571e-01	1.502358e-02	5.273843e-05
5.999999999999917e+00	7.162180e-01	1.504835e-02	5.283782e-05
6.009999999999916e+00	7.162788e-01	1.507311e-02	5.293721e-05
6.019999999999916e+00	7.163395e-01	1.509786e-02	5.303661e-05
6.029999999999916e+00	7.164001e-01	1.512260e-02	5.313600e-05
6.039999999999916e+00	7.164606e-01	1.514733e-02	5.323540e-05
6.049999999999915e+00	7.165210e-01	1.517205e-02	5.333479e-05
6.059999999999915e+00	7.165813e-01	1.519676e-02	5.343419e-05
6.069999999999915e+00	7.166416e-01	1.522146e-02	5.353359e-05
6.079999999999915e+00	7.167017e-01	1.524614e-02	5.363298e-05
6.089999999999915e+00	7.167618e-01	1.527082e-02	5.373238e-05
6.099999999999914e+00	7.168217e-01	1.529548e-02	5.383178e-05
6.109999999999914e+00	7.168815e-01	1.532014e-02	5.393118e-05
6.119999999999914e+00	7.169413e-01	1.534478e-02	5.403059e-05
6.129999999999914e+00	7.170010e-01	1.536942e-02	5.412999e-05
6.139999999999914e+00	7.170605e-01	1.539404e-02	5.422940e-05
6.149999999999913e+00	7.171200e-01	1.541865e-02	5.432880e-05
6.159999999999913e+00	7.171794e-01	1.544325e-02	5.442820e-05
6.169999999999913e+00	7.172387e-01	1.546784e-02	5.452761e-05
6.179999999999913e+00	7.172979e-01	1.549242e-02	5.462702e-05
6.189999999999912e+00	7.173570e-01	1.551699e-02	5.472643e-05
6.199999999999912e+00	7.174160e-01	1.554155e-02	5.482584e-05
6.209999999999912e+00	7.174749e-01	1.556610e-02	5.492525e-05
6.219999999999912e+00	7.175338e-01	1.559064e-02	5.502466e-05
6.229999999999912e+00	7.175925e-01	1.561516e-02	5.512407e-05
6.239999999999911e+00	7.176512e-01	1.563968e-02	5.522349e-05
6.249999999999911e+00	7.177098e-01	1.566419e-02	5.532290e-05
6.259999999999911e+00	7.177683e-01	1.568868e-02	5.542232e-05
6.269999999999911e+00	7.178267e-01	1.571317e-02	5.552173e-05
6.279999999999911e+00	7.178850e-01	1.573764e-02	5.562115e-05
6.289999999999910e+00	7.179432e-01	1.576211e-02	5.572057e-05
6.299999999999910e+00	7.180013e-01	1.578656e-02	5.581999e-05
6.309999999999910e+00	7.180594e-01	1.581100e-02	5.591940e-05
6.319999999999910e+00	7.181173e-01	1.583544e-02	5.601883e-05
6.329999999999909e+00	7.181752e-01	1.585986e-02	5.611825e-05
6.339999999999909e+00	7.182330e-01	1.588427e-02	5.621767e-05
6.349999999999909e+00	7.182907e-01	1.590867e-02	5.631709e-05
6.359999999999909e+00	7.183483e-01	1.593306e-02	5.641652e-05
6.369999999999909e+00	7.184058e-01	1.595744e-02	5.651594e-05
6.379999999999908e+00	7.184632e-01	1.598181e-02	5.661537e-05
6.389999999999908e+00	7.185206e-01	1.600617e-02	5.671479e-05
6.399999999999908e+00	7.185779e-01	1.603052e-02	5.681422e-05
6.409999999999908e+00	7.186350e-01	1.605486e-02	5.691365e-05
6.419999999999908e+00	7.186921e-01	1.607919e-02	5.701308e-05
6.429999999999907e+00	7.187492e-01	1.610351e-02	5.711251e-05
6.439999999999907e+00	7.188061e-01	1.612782e-02	5.721194e-05
6.449999999999907e+00	7.188630e-01	1.615211e-02	5.731137e-05
6.459999999999907e+00	7.189198e-01	1.617640e-02	5.741080e-05
6.469999999999906e+00	7.189764e-01	1.620068e-02	5.751023e-05
6.479999999999906e+00	7.190330e-01	1.622494e-02	5.760967e-05
6.489999999999906e+00	7.190895e-01	1.624920e-02	5.770911e-05
6.499999999999906e+00	7.191460e-01	1.627345e-02	5.780854e-05
6.509999999999906e+00	7.192023e-01	1.629768e-02	5.790798e-05
6.519999999999905e+00	7.192586e-01	1.632191e-02	5.800742e-05
6.529999999999905e+00	7.193148e-01	1.634612e-02	5.810685e-05
6.539999999999905e+00	7.193709e-01	1.637033e-02	5.820629e-05
6.549999999999905e+00	7.194269e-01	1.639452e-02	5.830573e-05
6.559999999999905e+00	7.194829e-01	1.641870e-02	5.840517e-05
6.569999999999904e+00	7.195387e-01	1.644288e-02	5.850461e-05
6.579999999999904e+00	7.195945e-01	1.646704e-02	5.860406e-05
6.589999999999904e+00	7.196503e-01	1.649120e-02	5.870350e-05
6.599999999999904e+00	7.197059e-01	1.651534e-02	5.880294e-05
6.609999999999904e+00	7.197615e-01	1.653947e-02	5.890238e-05
6.619999999999903e+00	7.198169e-01	1.656360e-02	5.900183e-05
6.629999999999903e+00	7.198724e-01	1.658771e-02	5.910128e-05
6.639999999999903e+00	7.199277e-01	1.661181e-02	5.920072e-05
6.649999999999903e+00	7.199829e-01	1.663590e-02	5.930017e-05
6.659999999999902e+00	7.200381e-01	1.665999e-02	5.939962e-05
6.669999999999902e+00	7.200931e-01	1.668406e-02	5.949907e-05
6.679999999999902e+00	7.201481e-01	1.670812e-02	5.959852e-05
6.689999999999902e+00	7.202031e-01	1.673217e-02	5.969797e-05
6.699999999999902e+00	7.202579e-01	1.675621e-02	5.979742e-05
6.709999999999901e+00	7.203127e-01	1.678025e-02	5.989687e-05
6.719999999999901e+00	7.203674e-01	1.680427e-02	5.999632e-05
6.729999999999901e+00	7.204220e-01	1.682828e-02	6.009578e-05
6.739999999999901e+00	7.204766e-01	1.685228e-02	6.019523e-05
6.749999999999901e+00	7.205310e-01	1.687627e-02	6.029469e-05
6.759999999999900e+00	7.205855e-01	1.690025e-02	6.039414e-05
6.769999999999900e+00	7.206398e-01	1.692422e-02	6.049360e-05
6.779999999999900e+00	7.206940e-01	1.694818e-02	6.059306e-05
6.789999999999900e+00	7.207482e-01	1.697213e-02	6.069252e-05
6.799999999999899e+00	7.208023e-01	1.699607e-02	6.079198e-05
6.809999999999899e+00	7.208563e-01	1.702001e-02	6.089144e-05
6.819999999999899e+00	7.209103e-01	1.704393e-02	6.099090e-05
6.829999999999899e+00	7.209641e-01	1.706784e-02	6.109036e-05
6.839999999999899e+00	7.210180e-01	1.709174e-02	6.118982e-05
6.849999999999898e+00	7.210717e-01	1.711563e-02	6.128928e-05
6.859999999999898e+00	7.211253e-01	1.713951e-02	6.138875e-05
6.869999999999898e+00	7.211789e-01	1.716338e-02	6.148821e-05
6.879999999999898e+00	7.212324e-01	1.718724e-02	6.158768e-05
6.889999999999898e+00	7.212859e-01	1.721109e-02	6.168714e-05
6.899999999999897e+00	7.213392e-01	1.723493e-02	6.178661e-05
6.909999999999897e+00	7.213925e-01	1.725877e-02	6.188607e-05
6.919999999999897e+00	7.214457e-01	1.728259e-02	6.198554e-05
6.929999999999897e+00	7.214989e-01	1.730640e-02	6.208501e-05
6.939999999999896e+00	7.215520e-01	1.733020e-02	6.218448e-05
6.949999999999896e+00	7.216049e-01	1.735399e-02	6.228395e-05
6.959999999999896e+00	7.216579e-01	1.737777e-02	6.238342e-05
6.969999999999896e+00	7.217108e-01	1.740154e-02	6.248289e-05
6.979999999999896e+00	7.217636e-01	1.742530e-02	6.258237e-05
6.989999999999895e+00	7.218163e-01	1.744905e-02	6.268184e-05
6.999999999999895e+00	7.218689e-01	1.747280e-02	6.278131e-05
7.009999999999895e+00	7.219216e-01	1.749653e-02	6.288078e-05
7.019999999999895e+00	7.219741e-01	1.752025e-02	6.298026e-05
7.029999999999895e+00	7.220265e-01	1.754396e-02	6.307974e-05
7.039999999999894e+00	7.220789e-01	1.756767e-02	6.317921e-05
7.049999999999894e+00	7.221312e-01	1.759136e-02	6.327869e-05
7.059999999999894e+00	7.221834e-01	1.761504e-02	6.337817e-05
7.069999999999894e+00	7.222356e-01	1.763871e-02	6.347764e-05
7.079999999999893e+00	7.222877e-01	1.766238e-02	6.357712e-05
7.089999999999893e+00	7.223397e-01	1.768603e-02	6.367661e-05
7.099999999999893e+00	7.223917e-01	1.770967e-02	6.377608e-05
7.109999999999893e+00	7.224436e-01	1.773331e-02	6.387557e-05
7.119999999999893e+00	7.224954e-01	1.775693e-02	6.397504e-05
7.129999999999892e+00	7.225472e-01	1.778055e-02	6.407453e-05
7.139999999999892e+00	7.225989e-01	1.780415e-02	6.417401e-05
7.149999999999892e+00	7.226505e-01	1.782775e-02	6.427350e-05
7.159999999999892e+00	7.227021e-01	1.785133e-02	6.437298e-05
7.169999999999892e+00	7.227536e-01	1.787491e-02	6.447246e-05
7.179999999999891e+00	7.228050e-01	1.789847e-02	6.457195e-05
7.189999999999891e+00	7.228563e-01	1.792203e-02	6.467144e-05
7.199999999999891e+00	7.229077e-01	1.794557e-02	6.477092e-05
7.209999999999891e+00	7.229589e-01	1.796911e-02	6.487041e-05
7.219999999999891e+00	7.230101e-01	1.799264e-02	6.496990e-05
7.229999999999890e+00	7.230611e-01	1.801615e-02	6.506939e-05
7.239999999999890e+00	7.231122e-01	1.803966e-02	6.516888e-05
7.249999999999890e+00	7.231631e-01	1.806316e-02	6.526837e-05
7.259999999999890e+00	7.232140e-01	1.808665e-02	6.536786e-05
7.269999999999889e+00	7.232649e-01	1.811013e-02	6.546735e-05
7.279999999999889e+00	7.233157e-01	1.813360e-02	6.556684e-05
7.289999999999889e+00	7.233664e-01	1.815705e-02	6.566634e-05
7.299999999999889e+00	7.234170e-01	1.818050e-02	6.576583e-05
7.309999999999889e+00	7.234676e-01	1.820394e-02	6.586532e-05
7.319999999999888e+00	7.235181e-01	1.822737e-02	6.596482e-05
7.329999999999888e+00	7.235686e-01	1.825080e-02	6.606431e-05
7.339999999999888e+00	7.236189e-01	1.827421e-02	6.616381e-05
7.349999999999888e+00	7.236693e-01	1.829761e-02	6.626331e-05
7.359999999999888e+00	7.237195e-01	1.832100e-02	6.636280e-05
7.369999999999887e+00	7.237697e-01	1.834438e-02	6.646230e-05
7.379999999999887e+00	7.238199e-01	1.836775e-02	6.656180e-05
7.389999999999887e+00	7.238700e-01	1.839112e-02	6.666130e-05
7.399999999999887e+00	7.239200e-01	1.841447e-02	6.676080e-05
7.409999999999886e+00	7.239699e-01	1.843782e-02	6.686030e-05
7.419999999999886e+00	7.240198e-01	1.846115e-02	6.695980e-05
7.429999999999886e+00	7.240697e-01	1.848448e-02	6.705931e-05
7.439999999999886e+00	7.241194e-01	1.850779e-02	6.715881e-05
7.449999999999886e+00	7.241691e-01	1.853110e-02	6.725831e-05
7.459999999999885e+00	7.242187e-01	1.855440e-02	6.735781e-05
7.469999999999885e+00	7.242683e-01	1.857768e-02	6.745732e-05
7.479999999999885e+00	7.243178e-01	1.860096e-02	6.755682e-05
7.489999999999885e+00	7.243673e-01	1.862423e-02	6.765633e-05
7.499999999999885e+00	7.244167e-01	1.864749e-02	6.775583e-05
7.509999999999884e+00	7.244660e-01	1.867074e-02	6.785534e-05
7.519999999999884e+00	7.245153e-01	1.869398e-02	6.795485e-05
7.529999999999884e+00	7.245646e-01	1.871721e-02	6.805435e-05
7.539999999999884e+00	7.246137e-01	1.874043e-02	6.815387e-05
7.549999999999883e+00	7.246628e-01	1.876364e-02	6.825337e-05
7.559999999999883e+00	7.247118e-01	1.878684e-02	6.835289e-05
7.569999999999883e+00	7.247608e-01	1.881003e-02	6.845239e-05
7.579999999999883e+00	7.248098e-01	1.883322e-02	6.855190e-05
7.589999999999883e+00	7.248586e-01	1.885639e-02	6.865141e-05
7.599999999999882e+00	7.249074e-01	1.887956e-02	6.875092e-05
7.609999999999882e+00	7.249562e-01	1.890271e-02	6.885044e-05
7.619999999999882e+00	7.250049e-01	1.892586e-02	6.894995e-05
7.629999999999882e+00	7.250534e-01	1.894899e-02	6.904946e-05
7.639999999999882e+00	7.251020e-01	1.897212e-02	6.914898e-05
7.649999999999881e+00	7.251505e-01	1.899524e-02	6.924850e-05
7.659999999999881e+00	7.251990e-01	1.901835e-02	6.934801e-05
7.669999999999881e+00	7.252474e-01	1.904145e-02	6.944752e-05
7.679999999999881e+00	7.252957e-01	1.906454e-02	6.954704e-05
7.689999999999880e+00	7.253440e-01	1.908762e-02	6.964656e-05
7.699999999999880e+00	7.253922e-01	1.911069e-02	6.974608e-05
7.709999999999880e+00	7.254404e-01	1.913375e-02	6.984560e-05
7.719999999999880e+00	7.254885e-01	1.915680e-02	6.994511e-05
7.729999999999880e+00	7.255365e-01	1.917985e-02	7.004463e-05
7.739999999999879e+00	7.255845e-01	1.920288e-02	7.014415e-05
7.749999999999879e+00	7.256324e-01	1.922591e-02	7.024367e-05
7.759999999999879e+00	7.256803e-01	1.924892e-02	7.034319e-05
7.769999999999879e+00	7.257282e-01	1.927193e-02	7.044272e-05
7.779999999999879e+00	7.257759e-01	1.929493e-02	7.054224e-05
7.789999999999878e+00	7.258236e-01	1.931791e-02	7.064176e-05
7.799999999999878e+00	7.258713e-01	1.934089e-02	7.074128e-05
7.809999999999878e+00	7.259189e-01	1.936386e-02	7.084081e-05
7.819999999999878e+00	7.259664e-01	1.938682e-02	7.094034e-05
7.829999999999878e+00	7.260139e-01	1.940977e-02	7.103986e-05
7.839999999999877e+00	7.260613e-01	1.943271e-02	7.113939e-05
7.849999999999877e+00	7.261087e-01	1.945565e-02	7.123892e-05
7.859999999999877e+00	7.261560e-01	1.947857e-02	7.133844e-05
7.869999999999877e+00	7.262033e-01	1.950148e-02	7.143796e-05
7.879999999999876e+00	7.262505e-01	1.952439e-02	7.153749e-05
7.889999999999876e+00	7.262977e-01	1.954729e-02	7.163703e-05
7.899999999999876e+00	7.263448e-01	1.957017e-02	7.173655e-05
7.909999999999876e+00	7.263918e-01	1.959305e-02	7.183608e-05
7.919999999999876e+00	7.264388e-01	1.961592e-02	7.193561e-05
7.929999999999875e+00	7.264857e-01	1.963878e-02	7.203515e-05
7.939999999999875e+00	7.265326e-01	1.966163e-02	7.213467e-05
7.949999999999875e+00	7.265795e-01	1.968447e-02	7.223421e-05
7.959999999999875e+00	7.266262e-01	1.970730e-02	7.233374e-05
7.969999999999875e+00	7.266729e-01	1.973012e-02	7.243327e-05
7.979999999999874e+00	7.267196e-01	1.975294e-02	7.253281e-05
7.989999999999874e+00	7.267662e-01	1.977574e-02	7.263233e-05
7.999999999999874e+00	7.268128e-01	1.979854e-02	7.273187e-05
8.009999999999874e+00	7.268593e-01	1.982132e-02	7.283140e-05
8.019999999999873e+00	7.269058e-01	1.984410e-02	7.293094e-05
8.029999999999873e+00	7.269522e-01	1.986687e-02	7.303047e-05
8.039999999999873e+00	7.269986e-01	1.988963e-02	7.313002e-05
8.049999999999873e+00	7.270448e-01	1.991238e-02	7.322955e-05
8.059999999999873e+00	7.270911e-01	1.993512e-02	7.332909e-05
8.069999999999872e+00	7.271373e-01	1.995785e-02	7.342863e-05
8.079999999999872e+00	7.271835e-01	1.998058e-02	7.352816e-05
8.089999999999872e+00	7.272295e-01	2.000329e-02	7.362771e-05
8.099999999999872e+00	7.272756e-01	2.002600e-02	7.372724e-05
8.109999999999872e+00	7.273216e-01	2.004869e-02	7.382678e-05
8.119999999999871e+00	7.273675e-01	2.007138e-02	7.392633e-05
8.129999999999871e+00	7.274134e-01	2.009406e-02	7.402587e-05
8.139999999999871e+00	7.274593e-01	2.011673e-02	7.412540e-05
8.149999999999871e+00	7.275050e-01	2.013939e-02	7.422495e-05
8.159999999999870e+00	7.275507e-01	2.016204e-02	7.432449e-05
8.169999999999870e+00	7.275964e-01	2.018468e-02	7.442404e-05
8.179999999999870e+00	7.276421e-01	2.020732e-02	7.452358e-05
8.189999999999870e+00	7.276877e-01	2.022994e-02	7.462312e-05
8.199999999999870e+00	7.277332e-01	2.025256e-02	7.472267e-05
8.209999999999869e+00	7.277787e-01	2.027516e-02	7.482222e-05
8.219999999999869e+00	7.278241e-01	2.029776e-02	7.492176e-05
8.229999999999869e+00	7.278695e-01	2.032035e-02	7.502131e-05
8.239999999999869e+00	7.279148e-01	2.034293e-02	7.512085e-05
8.249999999999869e+00	7.279601e-01	2.036550e-02	7.522040e-05
8.259999999999868e+00	7.280053e-01	2.038806e-02	7.531995e-05
8.269999999999868e+00	7.280505e-01	2.041062e-02	7.541949e-05
8.279999999999868e+00	7.280956e-01	2.043316e-02	7.551904e-05
8.289999999999868e+00	7.281407e-01	2.045570e-02	7.561859e-05
8.299999999999867e+00	7.281857e-01	2.047822e-02	7.571814e-05
8.309999999999867e+00	7.282307e-01	2.050074e-02	7.581769e-05
8.319999999999867e+00	7.282757e-01	2.052325e-02	7.591724e-05
8.329999999999867e+00	7.283205e-01	2.054575e-02	7.601680e-05
8.339999999999867e+00	7.283654e-01	2.056824e-02	7.611635e-05
8.349999999999866e+00	7.284102e-01	2.059073e-02	7.621590e-05
8.359999999999866e+00	7.284549e-01	2.061320e-02	7.631545e-05
8.369999999999866e+00	7.284996e-01	2.063566e-02	7.641500e-05
8.379999999999866e+00	7.285442e-01	2.065812e-02	7.651456e-05
8.389999999999866e+00	7.285888e-01	2.068057e-02	7.661411e-05
8.399999999999865e+00	7.286334e-01	2.070301e-02	7.671367e-05
8.409999999999865e+00	7.286779e-01	2.072544e-02	7.681322e-05
8.419999999999865e+00	7.287223e-01	2.074786e-02	7.691278e-05
8.429999999999865e+00	7.287667e-01	2.077027e-02	7.701233e-05
8.439999999999864e+00	7.288111e-01	2.079267e-02	7.711189e-05
8.449999999999864e+00	7.288554e-01	2.081507e-02	7.721144e-05
8.459999999999864e+00	7.288997e-01	2.083746e-02	7.731100e-05
8.469999999999864e+00	7.289439e-01	2.085983e-02	7.741056e-05
8.479999999999864e+00	7.289881e-01	2.088220e-02	7.751012e-05
8.489999999999863e+00	7.290322e-01	2.090456e-02	7.760968e-05
8.499999999999863e+00	7.290763e-01	2.092691e-02	7.770924e-05
8.509999999999863e+00	7.291203e-01	2.094926e-02	7.780880e-05
8.519999999999863e+00	7.291642e-01	2.097159e-02	7.790836e-05
8.529999999999863e+00	7.292082e-01	2.099391e-02	7.800792e-05
8.539999999999862e+00	7.292521e-01	2.101623e-02	7.810748e-05
8.549999999999862e+00	7.292959e-01	2.103854e-02	7.820704e-05
8.559999999999862e+00	7.293397e-01	2.106084e-02	7.830661e-05
8.569999999999862e+00	7.293835e-01	2.108313e-02	7.840616e-05
8.579999999999862e+00	7.294272e-01	2.110541e-02	7.850573e-05
8.589999999999861e+00	7.294708e-01	2.112768e-02	7.860529e-05
8.599999999999861e+00	7.295144e-01	2.114995e-02	7.870486e-05
8.609999999999861e+00	7.295580e-01	2.117220e-02	7.880442e-05
8.619999999999861e+00	7.296015e-01	2.119445e-02	7.890398e-05
8.629999999999860e+00	7.296450e-01	2.121669e-02	7.900355e-05
8.639999999999860e+00	7.296884e-01	2.123892e-02	7.910311e-05
8.649999999999860e+00	7.297318e-01	2.126114e-02	7.920268e-05
8.659999999999860e+00	7.297751e-01	2.128335e-02	7.930225e-05
8.669999999999860e+00	7.298184e-01	2.130556e-02	7.940181e-05
8.679999999999859e+00	7.298617e-01	2.132775e-02	7.950138e-05
8.689999999999859e+00	7.299049e-01	2.134994e-02	7.960095e-05
8.699999999999859e+00	7.299480e-01	2.137212e-02	7.970052e-05
8.709999999999859e+00	7.299911e-01	2.139429e-02	7.980009e-05
8.719999999999859e+00	7.300342e-01	2.141645e-02	7.989966e-05
8.729999999999858e+00	7.300773e-01	2.143860e-02	7.999923e-05
8.739999999999858e+00	7.301202e-01	2.146075e-02	8.009880e-05
8.749999999999858e+00	7.301632e-01	2.148288e-02	8.019837e-05
8.759999999999858e+00	7.302061e-01	2.150501e-02	8.029794e-05
8.769999999999857e+00	7.302489e-01	2.152713e-02	8.039751e-05
8.779999999999857e+00	7.302917e-01	2.154924e-02	8.049708e-05
8.789999999999857e+00	7.303345e-01	2.157134e-02	8.059666e-05
8.799999999999857e+00	7.303772e-01	2.159343e-02	8.069623e-05
8.809999999999857e+00	7.304199e-01	2.161552e-02	8.079580e-05
8.819999999999856e+00	7.304625e-01	2.163760e-02	8.089538e-05
8.829999999999856e+00	7.305051e-01	2.165966e-02	8.099495e-05
8.839999999999856e+00	7.305476e-01	2.168172e-02	8.109452e-05
8.849999999999856e+00	7.305901e-01	2.170377e-02	8.119410e-05
8.859999999999856e+00	7.306326e-01	2.172581e-02	8.129368e-05
8.869999999999855e+00	7.306750e-01	2.174785e-02	8.139325e-05
8.879999999999855e+00	7.307174e-01	2.176987e-02	8.149283e-05
8.889999999999855e+00	7.307597e-01	2.179189e-02	8.159240e-05
8.899999999999855e+00	7.308020e-01	2.181390e-02	8.169198e-05
8.909999999999854e+00	7.308442e-01	2.183590e-02	8.179156e-05
8.919999999999854e+00	7.308864e-01	2.185789e-02	8.189114e-05
8.929999999999854e+00	7.309286e-01	2.187987e-02	8.199071e-05
8.939999999999854e+00	7.309707e-01	2.190185e-02	8.209029e-05
8.949999999999854e+00	7.310128e-01	2.192382e-02	8.218987e-05
8.959999999999853e+00	7.310548e-01	2.194577e-02	8.228945e-05
8.969999999999853e+00	7.310968e-01	2.196772e-02	8.238903e-05
8.979999999999853e+00	7.311388e-01	2.198966e-02	8.248862e-05
8.989999999999853e+00	7.311807e-01	2.201160e-02	8.258819e-05
8.999999999999853e+00	7.312225e-01	2.203352e-02	8.268777e-05
9.009999999999852e+00	7.312644e-01	2.205544e-02	8.278736e-05
9.019999999999852e+00	7.313061e-01	2.207735e-02	8.288694e-05
9.029999999999852e+00	7.313479e-01	2.209925e-02	8.298652e-05
9.039999999999852e+00	7.313896e-01	2.212114e-02	8.308610e-05
9.049999999999851e+00	7.314312e-01	2.214302e-02	8.318569e-05
9.059999999999851e+00	7.314728e-01	2.216489e-02	8.328527e-05
9.069999999999851e+00	7.315144e-01	2.218676e-02	8.338485e-05
9.079999999999851e+00	7.315559e-01	2.220862e-02	8.348444e-05
9.089999999999851e+00	7.315974e-01	2.223047e-02	8.358403e-05
9.099999999999850e+00	7.316389e-01	2.225231e-02	8.368361e-05
9.109999999999850e+00	7.316803e-01	2.227414e-02	8.378320e-05
9.119999999999850e+00	7.317216e-01	2.229597e-02	8.388278e-05
9.129999999999850e+00	7.317630e-01	2.231778e-02	8.398237e-05
9.139999999999850e+00	7.318043e-01	2.233959e-02	8.408196e-05
9.149999999999849e+00	7.318456e-01	2.236139e-02	8.418154e-05
9.159999999999849e+00	7.318867e-01	2.238318e-02	8.428114e-05
9.169999999999849e+00	7.319279e-01	2.240497e-02	8.438072e-05
9.179999999999849e+00	7.319691e-01	2.242674e-02	8.448031e-05
9.189999999999849e+00	7.320101e-01	2.244851e-02	8.457990e-05
9.199999999999848e+00	7.320512e-01	2.247027e-02	8.467949e-05
9.209999999999848e+00	7.320922e-01	2.249202e-02	8.477908e-05
9.219999999999848e+00	7.321332e-01	2.251376e-02	8.487867e-05
9.229999999999848e+00	7.321741e-01	2.253549e-02	8.497826e-05
9.239999999999847e+00	7.322150e-01	2.255722e-02	8.507785e-05
9.249999999999847e+00	7.322558e-01	2.257893e-02	8.517744e-05
9.259999999999847e+00	7.322966e-01	2.260064e-02	8.527703e-05
9.269999999999847e+00	7.323374e-01	2.262235e-02	8.537663e-05
9.279999999999847e+00	7.323781e-01	2.264404e-02	8.547622e-05
9.289999999999846e+00	7.324188e-01	2.266572e-02	8.557581e-05
9.299999999999846e+00	7.324595e-01	2.268740e-02	8.567540e-05
9.309999999999846e+00	7.325001e-01	2.270907e-02	8.577500e-05
9.319999999999846e+00	7.325407e-01	2.273073e-02	8.587459e-05
9.329999999999846e+00	7.325812e-01	2.275238e-02	8.597418e-05
9.339999999999845e+00	7.326217e-01	2.277402e-02	8.607379e-05
9.349999999999845e+00	7.326621e-01	2.279566e-02	8.617338e-05
9.359999999999845e+00	7.327026e-01	2.281729e-02	8.627297e-05
9.369999999999845e+00	7.327430e-01	2.283891e-02	8.637257e-05
9.379999999999844e+00	7.327833e-01	2.286052e-02	8.647217e-05
9.389999999999844e+00	7.328236e-01	2.288212e-02	8.657177e-05
9.399999999999844e+00	7.328639e-01	2.290372e-02	8.667136e-05
9.409999999999844e+00	7.329041e-01	2.292530e-02	8.677096e-05
9.419999999999844e+00	7.329443e-01	2.294688e-02	8.687055e-05
9.429999999999843e+00	7.329845e-01	2.296845e-02	8.697015e-05
9.439999999999843e+00	7.330246e-01	2.299001e-02	8.706975e-05
9.449999999999843e+00	7.330647e-01	2.301157e-02	8.716936e-05
9.459999999999843e+00	7.331047e-01	2.303312e-02	8.726896e-05
9.469999999999843e+00	7.331447e-01	2.305466e-02	8.736855e-05
9.479999999999842e+00	7.331847e-01	2.307619e-02	8.746815e-05
9.489999999999842e+00	7.332246e-01	2.309771e-02	8.756775e-05
9.499999999999842e+00	7.332645e-01	2.311922e-02	8.766736e-05
9.509999999999842e+00	7.333043e-01	2.314073e-02	8.776696e-05
9.519999999999841e+00	7.333441e-01	2.316223e-02	8.786656e-05
9.529999999999841e+00	7.333840e-01	2.318372e-02	8.796616e-05
9.539999999999841e+00	7.334237e-01	2.320520e-02	8.806576e-05
9.549999999999841e+00	7.334634e-01	2.322667e-02	8.816537e-05
9.559999999999841e+00	7.335030e-01	2.324814e-02	8.826497e-05
9.569999999999840e+00	7.335427e-01	2.326960e-02	8.836457e-05
9.579999999999840e+00	7.335823e-01	2.329105e-02	8.846418e-05
9.589999999999840e+00	7.336218e-01	2.331249e-02	8.856378e-05
9.599999999999840e+00	7.336614e-01	2.333393e-02	8.866339e-05
9.609999999999840e+00	7.337008e-01	2.335535e-02	8.876299e-05
9.619999999999839e+00	7.337403e-01	2.337677e-02	8.886259e-05
9.629999999999839e+00	7.337797e-01	2.339818e-02	8.896220e-05
9.639999999999839e+00	7.338191e-01	2.341958e-02	8.906181e-05
9.649999999999839e+00	7.338584e-01	2.344098e-02	8.916142e-05
9.659999999999838e+00	7.338977e-01	2.346236e-02	8.926103e-05
9.669999999999838e+00	7.339370e-01	2.348374e-02	8.936063e-05
9.679999999999838e+00	7.339762e-01	2.350511e-02	8.946023e-05
9.689999999999838e+00	7.340154e-01	2.352647e-02	8.955985e-05
9.699999999999838e+00	7.340546e-01	2.354783e-02	8.965946e-05
9.709999999999837e+00	7.340937e-01	2.356918e-02	8.975907e-05
9.719999999999837e+00	7.341328e-01	2.359052e-02	8.985867e-05
9.729999999999837e+00	7.341718e-01	2.361185e-02	8.995828e-05
9.739999999999837e+00	7.342108e-01	2.363317e-02	9.005789e-05
9.749999999999837e+00	7.342498e-01	2.365449e-02	9.015750e-05
9.759999999999836e+00	7.342888e-01	2.367579e-02	9.025711e-05
9.769999999999836e+00	7.343277e-01	2.369709e-02	9.035673e-05
9.779999999999836e+00	7.343665e-01	2.371838e-02	9.045633e-05
9.789999999999836e+00	7.344053e-01	2.373967e-02	9.055595e-05
9.799999999999836e+00	7.344441e-01	2.376094e-02	9.065556e-05
9.809999999999835e+00	7.344829e-01	2.378221e-02	9.075517e-05
9.819999999999835e+00	7.345217e-01	2.380347e-02	9.085478e-05
9.829999999999835e+00	7.345604e-01	2.382473e-02	9.095440e-05
9.839999999999835e+00	7.345990e-01	2.384597e-02	9.105401e-05
9.849999999999834e+00	7.346377e-01	2.386720e-02	9.115363e-05
9.859999999999834e+00	7.346762e-01	2.388844e-02	9.125323e-05
9.869999999999834e+00	7.347148e-01	2.390966e-02	9.135285e-05
9.879999999999834e+00	7.347533e-01	2.393087e-02	9.145246e-05
9.889999999999834e+00	7.347918e-01	2.395207e-02	9.155208e-05
9.899999999999833e+00	7.348303e-01	2.397327e-02	9.165169e-05
9.909999999999833e+00	7.348687e-01	2.399446e-02	9.175131e-05
9.919999999999833e+00	7.349071e-01	2.401564e-02	9.185093e-05
9.929999999999833e+00	7.349454e-01	2.403682e-02	9.195055e-05
9.939999999999833e+00	7.349837e-01	2.405798e-02	9.205016e-05
9.949999999999832e+00	7.350220e-01	2.407914e-02	9.214978e-05
9.959999999999832e+00	7.350603e-01	2.410029e-02	9.224940e-05
9.969999999999832e+00	7.350985e-01	2.412144e-02	9.234902e-05
9.979999999999832e+00	7.351367e-01	2.414257e-02	9.244863e-05
9.989999999999831e+00	7.351748e-01	2.416370e-02	9.254825e-05
1.000000000000000e+01	7.352129e-01	2.418482e-02	9.264787e-05
